C:\software\Anaconda3\envs\py37-torch\python.exe C:/Education/code/pytorch_learn/TimeSeriesAnalysisWithPython-master/SpectralAnalysis.py
---------------------------------------------
---------------------------------------------
predicted [134, 137, 137, 140, 143, 146, 147, 150, 154, 154, 153, 153, 157, 160, 161, 163]
groundtru [135, 137, 138, 140, 144, 146, 148, 150, 155, 154, 154, 153, 156, 151, 146, 141]

predicted [151, 154, 157, 158, 157, 156, 155, 157, 158, 157, 154, 152, 152, 154, 157, 158]
groundtru [152, 154, 157, 159, 157, 157, 156, 156, 160, 157, 155, 152, 156, 154, 152, 150]

predicted [135, 134, 131, 130, 130, 130, 128, 126, 125, 125, 124, 124, 123, 121, 119, 118]
groundtru [136, 134, 132, 130, 131, 130, 128, 127, 126, 125, 125, 124, 116, 114, 114, 112]

predicted [125, 124, 124, 124, 123, 123, 122, 123, 122, 122, 121, 121, 121, 121, 120, 120]
groundtru [125, 125, 124, 124, 124, 123, 123, 123, 123, 122, 122, 122, 126, 125, 124, 123]

predicted [97, 95, 92, 90, 90, 90, 89, 89, 89, 89, 89, 89, 89, 90, 92, 93, 93, 91, 89, 87]
groundtru [98, 95, 93, 90, 91, 90, 90, 89, 90, 90, 89, 89, 90, 91, 92, 93, 83, 85, 85, 87]

predicted [108, 109, 109, 110, 109, 109, 110, 110, 111, 111, 112, 112, 112, 112, 113, 113]
groundtru [109, 109, 110, 110, 110, 110, 110, 111, 111, 112, 112, 112, 115, 115, 114, 114]

predicted [141, 140, 138, 137, 135, 134, 133, 131, 130, 128, 128, 126, 125, 123, 122, 120]
groundtru [142, 140, 139, 137, 136, 135, 133, 132, 130, 129, 128, 127, 124, 124, 123, 123]

predicted [103, 103, 102, 102, 102, 102, 101, 102, 102, 103, 105, 105, 106, 105, 104, 104]
groundtru [104, 103, 103, 102, 103, 102, 102, 102, 103, 104, 105, 106, 105, 108, 112, 115]

predicted [124, 123, 122, 121, 119, 118, 118, 117, 116, 117, 118, 118, 116, 115, 114, 113]
groundtru [125, 123, 123, 121, 119, 119, 118, 118, 117, 117, 118, 118, 115, 116, 116, 116]

predicted [100, 102, 102, 103, 105, 106, 108, 109, 111, 112, 113, 114, 116, 117, 118, 119]
groundtru [101, 102, 103, 104, 105, 107, 108, 110, 111, 113, 113, 115, 116, 117, 118, 119]

predicted [120, 121, 119, 120, 125, 129, 131, 134, 136, 136, 136, 139, 143, 144, 143, 144]
groundtru [121, 121, 120, 120, 126, 129, 132, 135, 136, 137, 137, 138, 139, 139, 138, 138]

predicted [101, 102, 102, 104, 106, 107, 108, 109, 110, 111, 111, 113, 114, 115, 116, 117]
groundtru [101, 102, 103, 104, 106, 108, 108, 110, 110, 111, 112, 113, 113, 115, 116, 118]

predicted [50, 52, 54, 56, 56, 56, 57, 57, 57, 57, 58, 59, 59, 57, 54, 53, 53, 55, 57, 59]
groundtru [51, 53, 54, 56, 57, 57, 57, 57, 58, 58, 59, 59, 60, 57, 55, 52, 54, 54, 55, 55]

predicted [49, 50, 52, 55, 56, 56, 56, 57, 58, 58, 57, 57, 57, 58, 58, 58, 58, 59, 61, 64]
groundtru [48, 51, 53, 56, 56, 57, 57, 58, 58, 58, 58, 58, 57, 58, 59, 60, 55, 53, 52, 50]

predicted [62, 62, 62, 63, 64, 64, 65, 65, 64, 64, 65, 65, 64, 64, 65, 65, 65, 65, 65, 66]
groundtru [62, 63, 63, 63, 64, 65, 65, 65, 65, 65, 65, 65, 65, 65, 65, 66, 66, 66, 67, 67]

predicted [67, 67, 68, 68, 69, 69, 69, 70, 70, 69, 69, 70, 70, 70, 69, 69, 69, 70, 70, 71]
groundtru [67, 68, 68, 69, 69, 70, 70, 70, 70, 70, 70, 70, 70, 70, 70, 70, 71, 72, 72, 72]

predicted [73, 74, 77, 81, 82, 81, 79, 79, 81, 82, 81, 80, 80, 82, 83, 82, 81, 82, 85, 88]
groundtru [72, 75, 78, 81, 83, 81, 81, 79, 82, 82, 82, 81, 81, 82, 83, 84, 89, 90, 90, 90]

predicted [76, 77, 77, 77, 77, 78, 80, 80, 80, 80, 81, 82, 82, 83, 82, 82, 83, 84, 84, 84]
groundtru [77, 77, 77, 78, 78, 79, 80, 81, 81, 81, 81, 82, 83, 83, 83, 82, 87, 88, 89, 90]

predicted [77, 78, 80, 82, 82, 82, 82, 82, 84, 84, 84, 84, 85, 86, 86, 86, 86, 87, 90, 91]
groundtru [76, 78, 81, 83, 82, 82, 83, 83, 84, 84, 85, 85, 85, 86, 87, 88, 95, 95, 96, 96]


Process finished with exit code 0
